1,1,121.8,334.15,135.39999999999998,57.950000000000045,1,1,1.0
1,2,733.09,266.43,71.30999999999995,40.099999999999966,1,1,1.0
1,3,208.3,251.0,95.27999999999997,40.379999999999995,1,1,1.0
2,1,97.7,335.9,138.10000000000002,61.5,1,1,1.0
2,2,719.19,268.29,72.50999999999999,40.549999999999955,1,1,1.0
2,3,208.3,251.0,95.27999999999997,40.379999999999995,1,1,1.0
3,1,73.6,340.4,141.70000000000002,62.30000000000001,1,1,1.0
3,2,705.29,270.16,73.71000000000004,41.0,1,1,1.0
3,3,208.3,251.0,95.27999999999997,40.379999999999995,1,1,1.0
4,1,46.9,344.0,144.29999999999998,63.19999999999999,1,1,1.0
4,2,691.4,272.03,74.89999999999998,41.450000000000045,1,1,1.0
4,3,208.3,251.0,95.27999999999997,40.379999999999995,1,1,1.0
5,1,23.68,346.7,145.22,64.10000000000002,1,1,1.0
5,2,677.5,273.9,76.10000000000002,41.89000000000004,1,1,1.0
5,3,208.3,251.0,95.27999999999997,40.379999999999995,1,1,1.0
6,1,0.5,350.3,147.9,65.80000000000001,1,1,1.0
6,2,662.85,275.76,77.67999999999995,42.35000000000002,1,1,1.0
6,3,208.3,251.0,95.27999999999997,40.379999999999995,1,1,1.0
7,1,0.5,353.9,124.7,68.40000000000003,1,1,1.0
7,2,648.21,277.63,79.25999999999999,42.80000000000001,1,1,1.0
7,3,208.3,251.0,95.27999999999997,40.379999999999995,1,1,1.0
8,1,0.5,357.5,101.5,68.39999999999998,1,1,1.0
8,2,633.56,279.5,80.84000000000003,43.24000000000001,1,1,1.0
8,3,208.3,251.0,95.27999999999997,40.379999999999995,1,1,1.0
9,1,0.5,361.1,75.7,63.89999999999998,1,1,1.0
9,2,618.92,281.37,82.41000000000008,43.69,1,1,1.0
9,3,208.3,251.0,95.27999999999997,40.379999999999995,1,1,1.0
10,1,0.5,367.3,51.6,57.69999999999999,1,1,1.0
10,2,604.27,283.23,84.0,44.14999999999998,1,1,1.0
10,3,208.3,251.0,95.27999999999997,40.379999999999995,1,1,1.0
11,1,0.5,378.04,27.5,43.389999999999986,1,1,1.0
11,2,589.62,285.1,85.58000000000004,44.589999999999975,1,1,1.0
11,3,208.3,251.0,95.27999999999997,40.379999999999995,1,1,1.0
12,2,572.96,287.33,87.08999999999992,45.58000000000004,1,1,1.0
12,3,208.3,251.0,95.27999999999997,40.379999999999995,1,1,1.0
13,2,556.3,289.56,88.60000000000002,46.56,1,1,1.0
13,3,208.3,251.0,95.27999999999997,40.379999999999995,1,1,1.0
14,2,539.64,291.79,90.11000000000001,47.539999999999964,1,1,1.0
14,3,208.3,251.0,95.27999999999997,40.379999999999995,1,1,1.0
15,2,522.97,294.02,91.63,48.52000000000004,1,1,1.0
15,3,208.3,251.0,95.27999999999997,40.379999999999995,1,1,1.0
16,2,506.31,296.25,93.14000000000004,49.5,1,1,1.0
16,3,208.3,251.0,95.27999999999997,40.379999999999995,1,1,1.0
17,2,489.65,298.48,94.64999999999998,50.47999999999996,1,1,1.0
17,3,208.3,251.0,95.27999999999997,40.379999999999995,1,1,1.0
18,2,472.99,300.71,96.15999999999997,51.460000000000036,1,1,1.0
18,3,208.3,251.0,95.27999999999997,40.379999999999995,1,1,1.0
19,2,456.32,302.94,97.68,52.44,1,1,1.0
19,3,208.3,251.0,95.27999999999997,40.379999999999995,1,1,1.0
20,2,439.66,305.17,99.19,53.41999999999996,1,1,1.0
20,3,208.3,251.0,95.27999999999997,40.379999999999995,1,1,1.0
21,2,423.0,307.4,100.70000000000005,54.400000000000034,1,1,1.0
21,3,208.3,251.0,95.27999999999997,40.379999999999995,1,1,1.0
22,2,402.77,310.61,104.0,55.46999999999997,1,1,1.0
22,3,208.3,251.0,95.27999999999997,40.379999999999995,1,1,1.0
23,2,382.54,313.82,107.28999999999996,56.54000000000002,1,1,1.0
23,3,208.3,251.0,95.27999999999997,40.379999999999995,1,1,1.0
24,2,362.32,317.03,110.57999999999998,57.610000000000014,1,1,1.0
24,3,208.3,251.0,95.27999999999997,40.379999999999995,1,1,1.0
25,2,342.09,320.24,113.96000000000004,58.68000000000001,1,1,1.0
25,3,208.3,251.0,95.27999999999997,40.379999999999995,1,1,1.0
26,2,321.86,323.45,117.33999999999997,59.75,1,1,1.0
26,3,208.3,251.0,95.27999999999997,40.379999999999995,1,1,1.0
27,2,301.63,326.66,118.82999999999998,60.81999999999999,1,1,1.0
27,3,208.3,251.0,95.27999999999997,40.379999999999995,1,1,1.0
28,2,281.41,329.87,120.31,61.889999999999986,1,1,1.0
28,3,208.3,251.0,95.27999999999997,40.379999999999995,1,1,1.0
29,2,261.18,333.08,121.80000000000001,62.960000000000036,1,1,1.0
29,3,208.3,251.0,95.27999999999997,40.379999999999995,1,1,1.0
30,2,240.95,336.29,123.29000000000002,64.02999999999997,1,1,1.0
30,3,208.3,251.0,95.27999999999997,40.379999999999995,1,1,1.0
31,2,220.72,339.5,124.78,65.10000000000002,1,1,1.0
31,3,208.3,251.0,95.27999999999997,40.379999999999995,1,1,1.0
32,2,198.65,344.05,127.04999999999998,66.07,1,1,1.0
32,3,208.3,251.0,95.27999999999997,40.379999999999995,1,1,1.0
33,2,176.58,348.6,129.31999999999996,67.03999999999996,1,1,1.0
33,3,208.3,251.0,95.27999999999997,40.379999999999995,1,1,1.0
34,2,151.84,353.15,134.60999999999999,68.01000000000005,1,1,1.0
34,3,208.3,251.0,95.27999999999997,40.379999999999995,1,1,1.0
35,2,127.1,357.7,139.9,68.98000000000002,1,1,1.0
35,3,208.3,251.0,95.27999999999997,40.379999999999995,1,1,1.0
36,2,102.4,362.25,141.0,69.94999999999999,1,1,1.0
36,3,208.3,251.0,95.27999999999997,40.379999999999995,1,1,1.0
37,2,73.9,366.8,145.9,70.92000000000002,1,1,1.0
37,3,208.3,251.0,95.27999999999997,40.379999999999995,1,1,1.0
38,2,46.5,369.6,152.4,73.63999999999999,1,1,1.0
38,3,208.3,251.0,95.27999999999997,40.379999999999995,1,1,1.0
39,2,18.5,374.73,155.9,74.02999999999997,1,1,1.0
39,3,208.3,251.0,95.27999999999997,40.379999999999995,1,1,1.0
40,2,1.2,379.87,148.70000000000002,74.40999999999997,1,1,1.0
40,3,208.3,251.0,95.27999999999997,40.379999999999995,1,1,1.0
41,2,0.0,385.0,125.4,74.80000000000001,1,1,1.0
41,3,208.3,251.0,95.27999999999997,40.379999999999995,1,1,1.0
42,2,0.0,385.9,100.4,81.0,1,1,1.0
42,3,208.3,251.0,95.27999999999997,40.379999999999995,1,1,1.0
43,2,0.0,393.0,76.4,63.19999999999999,1,1,1.0
43,3,208.3,251.0,95.27999999999997,40.379999999999995,1,1,1.0
44,2,0.0,401.0,47.0,61.39999999999998,1,1,1.0
44,3,208.3,251.0,95.27999999999997,40.379999999999995,1,1,1.0
45,2,0.0,417.9,22.9,45.400000000000034,1,1,1.0
45,3,208.3,251.0,95.27999999999997,40.379999999999995,1,1,1.0
46,3,208.3,251.0,95.27999999999997,40.379999999999995,1,1,1.0
47,3,208.3,251.0,95.27999999999997,40.379999999999995,1,1,1.0
48,3,208.3,251.0,95.27999999999997,40.379999999999995,1,1,1.0
49,3,208.3,251.0,95.27999999999997,40.379999999999995,1,1,1.0
50,3,208.3,251.0,95.27999999999997,40.379999999999995,1,1,1.0
51,3,208.3,251.0,95.27999999999997,40.379999999999995,1,1,1.0
52,3,208.3,251.0,95.27999999999997,40.379999999999995,1,1,1.0
52,4,945.3,227.16,14.700000000000045,57.26000000000002,1,1,1.0
53,3,208.3,251.0,95.27999999999997,40.379999999999995,1,1,1.0
53,4,941.8,227.16,18.200000000000045,57.26000000000002,1,1,1.0
54,3,208.3,251.0,95.27999999999997,40.379999999999995,1,1,1.0
54,4,938.3,227.16,21.700000000000045,57.26000000000002,1,1,1.0
55,3,208.3,251.0,95.27999999999997,40.379999999999995,1,1,1.0
55,4,934.3,227.16,25.700000000000045,57.26000000000002,1,1,1.0
56,3,208.3,251.0,95.27999999999997,40.379999999999995,1,1,1.0
56,4,928.5,227.16,31.5,61.23999999999998,1,1,1.0
57,3,208.3,251.0,95.27999999999997,40.379999999999995,1,1,1.0
57,4,923.9,227.16,36.10000000000002,61.23999999999998,1,1,1.0
58,3,208.3,251.0,95.27999999999997,40.379999999999995,1,1,1.0
58,4,917.6,227.16,42.39999999999998,61.23999999999998,1,1,1.0
59,3,208.3,251.0,95.27999999999997,40.379999999999995,1,1,1.0
59,4,913.6,224.9,46.39999999999998,68.70000000000002,1,1,1.0
60,3,208.3,251.0,95.27999999999997,40.379999999999995,1,1,1.0
60,4,909.0,227.8,51.0,65.80000000000001,1,1,1.0
61,3,208.3,251.0,95.27999999999997,40.379999999999995,1,1,1.0
61,4,904.4,226.6,55.60000000000002,67.00000000000003,1,1,1.0
62,3,208.3,251.0,95.27999999999997,40.379999999999995,1,1,1.0
62,4,898.1,226.6,61.89999999999998,67.00000000000003,1,1,1.0
63,3,208.3,251.0,95.27999999999997,40.379999999999995,1,1,1.0
63,4,892.3,227.7,67.70000000000005,71.10000000000002,1,1,1.0
64,3,208.3,251.0,95.27999999999997,40.379999999999995,1,1,1.0
64,4,886.0,227.7,74.0,71.10000000000002,1,1,1.0
65,3,208.3,251.0,95.27999999999997,40.379999999999995,1,1,1.0
65,4,880.8,227.7,79.20000000000005,71.10000000000002,1,1,1.0
66,3,208.3,251.0,95.27999999999997,40.379999999999995,1,1,1.0
66,4,873.9,225.4,86.10000000000002,75.1,1,1,1.0
67,3,208.3,251.0,95.27999999999997,40.379999999999995,1,1,1.0
67,4,868.1,227.7,91.89999999999998,72.80000000000001,1,1,1.0
68,3,208.3,251.0,95.27999999999997,40.379999999999995,1,1,1.0
68,4,862.9,227.7,97.10000000000002,80.30000000000001,1,1,1.0
69,3,208.3,251.0,95.27999999999997,40.379999999999995,1,1,1.0
69,4,862.3,227.7,97.70000000000005,80.30000000000001,1,1,1.0
70,3,208.3,251.0,95.27999999999997,40.379999999999995,1,1,1.0
70,4,852.0,227.7,108.0,80.30000000000001,1,1,1.0
71,3,208.3,251.0,95.27999999999997,40.379999999999995,1,1,1.0
71,4,841.1,227.7,118.89999999999998,80.30000000000001,1,1,1.0
72,3,208.3,251.0,95.27999999999997,40.379999999999995,1,1,1.0
72,4,834.2,227.7,125.79999999999995,84.90000000000003,1,1,1.0
73,3,208.3,251.0,95.27999999999997,40.379999999999995,1,1,1.0
73,4,826.2,230.03,133.2199999999999,84.29999999999998,1,1,1.0
73,5,825.2,254.02,12.93999999999994,26.849999999999994,1,1,1.0
74,3,208.3,251.0,95.27999999999997,40.379999999999995,1,1,1.0
74,4,820.4,230.03,139.02999999999997,84.29999999999998,1,1,1.0
74,5,817.2,254.02,16.5,26.849999999999994,1,1,1.0
75,3,208.3,251.0,95.27999999999997,40.379999999999995,1,1,1.0
75,4,810.6,231.2,148.81999999999994,84.90000000000003,1,1,1.0
75,5,807.3,255.5,18.40000000000009,27.899999999999977,1,1,1.0
76,3,208.3,251.0,95.27999999999997,40.379999999999995,1,1,1.0
76,4,802.0,232.9,157.41999999999996,87.79999999999998,1,1,1.0
76,5,796.9,256.5,21.300000000000068,26.899999999999977,1,1,1.0
77,3,208.3,251.0,95.27999999999997,40.379999999999995,1,1,1.0
77,4,792.2,232.9,167.2199999999999,87.79999999999998,1,1,1.0
77,5,790.4,257.5,17.899999999999977,27.399999999999977,1,1,1.0
78,3,208.3,251.0,95.27999999999997,40.379999999999995,1,1,1.0
78,4,785.9,235.2,173.52999999999997,87.19999999999999,1,1,1.0
78,5,779.46,261.98,20.339999999999918,27.399999999999977,1,1,1.0
79,3,208.3,251.0,95.27999999999997,40.379999999999995,1,1,1.0
79,4,780.1,235.2,173.0,90.69999999999999,1,1,1.0
79,5,771.01,262.97,19.389999999999986,27.399999999999977,1,1,1.0
80,3,208.3,251.0,95.27999999999997,40.379999999999995,1,1,1.0
80,4,771.63,235.91,175.5,92.4,1,1,1.0
80,5,760.6,262.5,23.799999999999955,26.399999999999977,1,1,1.0
81,3,208.3,251.0,95.27999999999997,40.379999999999995,1,1,1.0
81,4,763.16,236.62,178.0,94.10000000000002,1,1,1.0
81,5,751.7,262.5,22.299999999999955,26.399999999999977,1,1,1.0
82,3,208.3,251.0,95.27999999999997,40.379999999999995,1,1,1.0
82,4,754.69,237.33,180.5,95.79999999999998,1,1,1.0
82,5,739.8,262.0,28.200000000000045,27.399999999999977,1,1,1.0
83,3,208.3,251.0,95.27999999999997,40.379999999999995,1,1,1.0
83,4,746.22,238.04,183.0,97.50000000000003,1,1,1.0
83,5,731.84,261.0,24.159999999999968,30.879999999999995,1,1,1.0
84,3,208.3,251.0,95.27999999999997,40.379999999999995,1,1,1.0
84,4,737.75,238.75,185.5,99.19999999999999,1,1,1.0
84,5,720.9,263.0,35.10000000000002,28.879999999999995,1,1,1.0
85,3,208.3,251.0,95.27999999999997,40.379999999999995,1,1,1.0
85,4,729.28,239.46,188.0,100.9,1,1,1.0
85,5,709.46,263.0,35.09999999999991,28.879999999999995,1,1,1.0
86,3,208.3,251.0,95.27999999999997,40.379999999999995,1,1,1.0
86,4,720.81,240.17,190.5,102.6,1,1,1.0
86,5,697.5,263.0,34.10000000000002,28.879999999999995,1,1,1.0
87,3,208.3,251.0,95.27999999999997,40.379999999999995,1,1,1.0
87,4,712.34,240.88,193.0,104.30000000000001,1,1,1.0
87,5,688.05,264.49,34.10000000000002,28.879999999999995,1,1,1.0
88,3,208.3,251.0,95.27999999999997,40.379999999999995,1,1,1.0
88,4,703.87,241.59,195.5,105.99999999999997,1,1,1.0
88,5,677.61,264.49,33.59000000000003,28.879999999999995,1,1,1.0
89,3,208.3,251.0,95.27999999999997,40.379999999999995,1,1,1.0
89,4,695.4,242.3,198.0,107.69999999999999,1,1,1.0
89,5,663.7,263.5,35.09999999999991,30.399999999999977,1,1,1.0
90,3,208.3,251.0,95.27999999999997,40.379999999999995,1,1,1.0
90,4,683.1,246.04,202.5,107.70000000000002,1,1,1.0
90,5,652.76,264.0,39.039999999999964,31.899999999999977,1,1,1.0
91,3,208.3,251.0,95.27999999999997,40.379999999999995,1,1,1.0
91,4,670.81,246.2,209.09000000000003,106.80000000000001,1,1,1.0
91,5,641.3,265.5,50.5,32.39999999999998,1,1,1.0
92,3,208.3,251.0,95.27999999999997,40.379999999999995,1,1,1.0
92,4,655.8,248.6,216.70000000000005,108.70000000000002,1,1,1.0
92,5,628.37,266.49,50.5,32.39999999999998,1,1,1.0
93,3,208.3,251.0,95.27999999999997,40.379999999999995,1,1,1.0
93,4,643.89,251.3,221.11,110.31,1,1,1.0
93,5,616.44,265.5,50.5,32.39999999999998,1,1,1.0
94,3,208.3,251.0,95.27999999999997,40.379999999999995,1,1,1.0
94,4,631.98,248.9,225.31999999999994,112.6,1,1,1.0
94,5,604.51,267.0,50.5,31.399999999999977,1,1,1.0
95,3,208.3,251.0,95.27999999999997,40.379999999999995,1,1,1.0
95,4,620.07,249.7,230.52999999999997,115.19999999999999,1,1,1.0
95,5,592.57,268.0,71.42999999999995,31.389999999999986,1,1,1.0
96,3,208.3,251.0,95.27999999999997,40.379999999999995,1,1,1.0
96,4,608.16,250.1,235.74,119.50000000000003,1,1,1.0
96,5,576.16,268.0,82.84000000000003,31.889999999999986,1,1,1.0
97,3,208.3,251.0,95.27999999999997,40.379999999999995,1,1,1.0
97,4,596.25,252.8,240.95000000000005,117.39999999999998,1,1,1.0
97,5,566.22,268.5,82.83999999999992,31.889999999999986,1,1,1.0
98,3,208.3,251.0,95.27999999999997,40.379999999999995,1,1,1.0
98,4,584.34,253.8,242.65999999999997,120.59999999999997,1,1,1.0
98,5,551.3,268.5,82.84000000000003,31.889999999999986,1,1,1.0
99,3,208.3,251.0,95.27999999999997,40.379999999999995,1,1,1.0
99,4,572.43,254.8,248.7700000000001,121.89999999999998,1,1,1.0
99,5,542.85,268.99,82.84000000000003,31.889999999999986,1,1,1.0
100,3,208.3,251.0,95.27999999999997,40.379999999999995,1,1,1.0
100,4,560.8,254.7,254.20000000000005,125.60000000000002,1,1,1.0
100,5,526.44,270.48,82.83999999999992,31.889999999999986,1,1,1.0
101,3,208.3,251.0,95.27999999999997,40.379999999999995,1,1,1.0
101,4,545.83,255.95,257.9699999999999,128.27000000000004,1,1,1.0
101,5,513.51,268.0,91.78999999999996,35.39999999999998,1,1,1.0
102,3,208.3,251.0,95.27999999999997,40.379999999999995,1,1,1.0
102,4,530.86,257.2,263.67999999999995,130.94,1,1,1.0
102,5,500.09,270.48,91.79000000000002,35.40999999999997,1,1,1.0
103,3,208.3,251.0,95.27999999999997,40.379999999999995,1,1,1.0
103,4,515.89,258.45,269.4,133.61,1,1,1.0
103,5,486.17,270.48,93.22999999999996,35.40999999999997,1,1,1.0
104,3,208.3,251.0,95.27999999999997,40.379999999999995,1,1,1.0
104,4,500.92,259.7,275.10999999999996,136.28000000000003,1,1,1.0
104,5,472.24,270.48,98.65999999999997,35.40999999999997,1,1,1.0
105,3,208.3,251.0,95.27999999999997,40.379999999999995,1,1,1.0
105,4,485.95,260.95,280.83,138.95,1,1,1.0
105,5,459.32,271.48,76.78000000000003,35.39999999999998,1,1,1.0
105,6,946.73,222.98,13.269999999999982,42.109999999999985,1,1,1.0
106,3,208.3,251.0,95.27999999999997,40.379999999999995,1,1,1.0
106,4,470.98,262.2,286.53999999999996,141.62,1,1,1.0
106,5,443.9,271.98,90.70000000000005,37.91999999999996,1,1,1.0
106,6,942.39,219.14,17.610000000000014,46.68000000000001,1,1,1.0
107,3,208.3,251.0,95.27999999999997,40.379999999999995,1,1,1.0
107,4,456.01,263.45,292.26,144.29000000000002,1,1,1.0
107,5,429.98,272.97,99.12,36.42999999999995,1,1,1.0
107,6,938.04,215.3,21.960000000000036,51.25,1,1,1.0
108,3,208.3,251.0,95.27999999999997,40.379999999999995,1,1,1.0
108,4,441.04,264.7,297.96999999999997,146.96000000000004,1,1,1.0
108,5,414.6,275.5,104.60000000000002,36.89999999999998,1,1,1.0
108,6,933.7,215.24,26.299999999999955,52.05000000000001,1,1,1.0
109,3,208.3,251.0,95.27999999999997,40.379999999999995,1,1,1.0
109,4,426.07,265.95,303.69,149.63,1,1,1.0
109,5,400.18,274.51,104.59999999999997,36.900000000000034,1,1,1.0
109,7,645.96,257.19,76.92999999999995,16.329999999999984,1,1,1.0
109,6,929.36,215.18,30.639999999999986,52.839999999999975,1,1,1.0
110,3,208.3,251.0,95.27999999999997,40.379999999999995,1,1,1.0
110,4,411.1,267.2,309.4,152.3,1,1,1.0
110,5,387.75,276.0,104.60000000000002,36.89999999999998,1,1,1.0
110,7,633.93,256.76,76.92000000000007,16.329999999999984,1,1,1.0
110,6,925.02,215.11,34.98000000000002,53.639999999999986,1,1,1.0
111,3,208.3,251.0,95.27999999999997,40.379999999999995,1,1,1.0
111,4,391.85,269.34,317.68999999999994,155.24,1,1,1.0
111,5,372.83,276.49,104.60000000000002,36.89999999999998,1,1,1.0
111,7,621.47,257.19,76.91999999999996,16.329999999999984,1,1,1.0
111,6,920.67,215.05,39.33000000000004,54.43000000000001,1,1,1.0
112,3,208.3,251.0,95.27999999999997,40.379999999999995,1,1,1.0
112,4,372.6,271.48,325.98,158.18,1,1,1.0
112,5,359.41,276.99,104.59999999999997,38.90999999999997,1,1,1.0
112,7,606.43,257.62,76.92000000000007,16.319999999999993,1,1,1.0
112,6,916.33,214.99,43.66999999999996,55.21999999999997,1,1,1.0
113,3,208.3,251.0,95.27999999999997,40.379999999999995,1,1,1.0
113,4,353.35,273.62,334.27,161.12,1,1,1.0
113,5,344.49,277.99,104.59999999999997,38.89999999999998,1,1,1.0
113,7,580.64,258.5,90.25999999999999,25.329999999999984,1,1,1.0
113,6,911.99,214.93,48.00999999999999,56.00999999999999,1,1,1.0
114,3,208.3,251.0,95.27999999999997,40.379999999999995,1,1,1.0
114,4,334.11,275.76,342.54999999999995,164.06,1,1,1.0
114,5,328.6,279.48,109.54999999999995,37.41999999999996,1,1,1.0
114,7,563.0,258.07,100.59000000000003,25.329999999999984,1,1,1.0
114,6,907.64,214.86,52.360000000000014,56.81,1,1,1.0
115,3,208.3,251.0,95.27999999999997,40.379999999999995,1,1,1.0
115,4,314.86,277.9,350.84000000000003,167.0,1,1,1.0
115,5,314.7,279.48,107.5,37.41999999999996,1,1,1.0
115,7,551.4,258.5,99.70000000000005,28.769999999999982,1,1,1.0
115,6,903.3,214.8,56.700000000000045,57.599999999999966,1,1,1.0
116,3,208.3,251.0,95.27999999999997,40.379999999999995,1,1,1.0
116,4,295.61,280.04,359.13,169.94,1,1,1.0
116,5,298.79,279.97,110.50999999999999,37.42999999999995,1,1,1.0
116,7,542.8,260.22,94.5,28.769999999999982,1,1,1.0
116,6,898.8,215.45,61.200000000000045,56.94999999999999,1,1,1.0
117,3,208.3,251.0,95.27999999999997,40.379999999999995,1,1,1.0
117,4,276.36,282.18,367.41999999999996,172.88,1,1,1.0
117,5,281.88,281.96,110.51999999999998,37.43000000000001,1,1,1.0
117,7,525.86,261.0,98.34000000000003,29.529999999999973,1,1,1.0
117,6,894.3,216.1,65.70000000000005,56.29999999999998,1,1,1.0
118,3,208.3,251.0,95.27999999999997,40.379999999999995,1,1,1.0
118,4,257.12,284.32,375.70000000000005,175.82,1,1,1.0
118,5,268.46,283.46,110.51000000000005,37.420000000000016,1,1,1.0
118,7,507.37,261.0,99.92999999999995,34.10000000000002,1,1,1.0
118,6,885.3,216.1,74.70000000000005,58.00000000000003,1,1,1.0
119,3,208.3,251.0,95.27999999999997,40.379999999999995,1,1,1.0
119,4,237.87,286.46,383.99,178.76000000000005,1,1,1.0
119,5,250.56,283.46,112.54000000000002,37.420000000000016,1,1,1.0
119,7,492.74,262.5,106.86000000000001,36.44999999999999,1,1,1.0
119,6,885.3,216.1,74.30000000000007,58.00000000000003,1,1,1.0
120,3,208.3,251.0,95.27999999999997,40.379999999999995,1,1,1.0
120,4,218.62,288.6,392.28,181.7,1,1,1.0
120,5,236.14,284.45,114.56,37.420000000000016,1,1,1.0
120,7,478.88,262.5,106.86000000000001,36.44999999999999,1,1,1.0
120,6,878.0,216.5,75.20000000000005,58.0,1,1,1.0
121,3,208.3,251.0,95.27999999999997,40.379999999999995,1,1,1.0
121,4,199.2,291.09,397.81,185.27000000000004,1,1,1.0
121,5,218.69,285.49,115.89999999999998,38.48000000000002,1,1,1.0
121,7,466.56,264.04,106.85999999999996,36.44999999999999,1,1,1.0
121,6,871.77,216.89,76.70000000000005,58.379999999999995,1,1,1.0
122,3,208.3,251.0,95.27999999999997,40.379999999999995,1,1,1.0
122,4,173.8,293.58,409.32,188.84000000000003,1,1,1.0
122,5,201.24,286.54,117.24000000000001,39.51999999999998,1,1,1.0
122,7,451.15,264.0,103.05000000000007,36.49000000000001,1,1,1.0
122,6,865.54,217.28,78.20000000000005,58.76000000000002,1,1,1.0
123,3,208.3,251.0,95.27999999999997,40.379999999999995,1,1,1.0
123,4,147.1,296.07,422.13,192.41000000000003,1,1,1.0
123,5,183.79,287.58,118.58000000000001,40.56999999999999,1,1,1.0
123,7,437.29,265.5,103.00999999999993,36.52999999999997,1,1,1.0
123,6,859.31,217.67,79.70000000000005,59.140000000000015,1,1,1.0
124,3,208.3,251.0,95.27999999999997,40.379999999999995,1,1,1.0
124,4,122.6,298.56,432.74,195.98000000000002,1,1,1.0
124,5,166.33,288.63,119.92999999999998,41.610000000000014,1,1,1.0
124,7,421.1,265.5,110.69999999999993,36.52999999999997,1,1,1.0
124,6,853.08,218.06,81.19999999999993,59.51999999999998,1,1,1.0
125,3,208.3,251.0,95.27999999999997,40.379999999999995,1,1,1.0
125,4,111.6,301.05,429.85,199.55,1,1,1.0
125,5,148.88,289.67,121.26999999999998,42.66999999999996,1,1,1.0
125,7,405.7,269.35,110.69999999999999,36.52999999999997,1,1,1.0
125,6,846.84,218.45,82.70999999999992,59.900000000000034,1,1,1.0
126,3,208.3,251.0,95.27999999999997,40.379999999999995,1,1,1.0
126,4,66.5,303.54,464.20000000000005,211.35999999999996,1,1,1.0
126,5,131.43,290.72,122.60999999999999,43.70999999999998,1,1,1.0
126,7,392.6,268.58,110.69999999999999,36.53000000000003,1,1,1.0
126,6,840.61,218.84,84.21000000000004,60.28,1,1,1.0
127,3,208.3,251.0,95.27999999999997,40.379999999999995,1,1,1.0
127,4,38.8,306.0,474.86999999999995,212.89999999999998,1,1,1.0
127,5,113.98,291.77,123.95,44.75,1,1,1.0
127,7,376.43,267.8,114.57,43.46999999999997,1,1,1.0
127,6,834.38,219.23,85.71000000000004,60.66,1,1,1.0
128,3,208.3,251.0,95.27999999999997,40.379999999999995,1,1,1.0
128,4,8.6,308.52,491.17999999999995,220.98000000000002,1,1,1.0
128,5,96.52,292.81,125.3,45.80000000000001,1,1,1.0
128,7,363.34,270.11,114.57000000000005,43.46999999999997,1,1,1.0
128,6,828.15,219.62,87.21000000000004,61.04000000000002,1,1,1.0
129,3,208.3,251.0,95.27999999999997,40.379999999999995,1,1,1.0
129,4,0.0,311.01,485.89,223.28999999999996,1,1,1.0
129,5,79.07,293.86,126.64000000000001,46.849999999999966,1,1,1.0
129,7,347.93,270.9,114.57,44.99000000000001,1,1,1.0
129,6,821.92,220.01,88.71000000000004,61.420000000000016,1,1,1.0
130,3,208.3,251.0,95.27999999999997,40.379999999999995,1,1,1.0
130,4,0.0,313.5,472.0,226.5,1,1,1.0
130,5,61.62,294.9,127.97999999999999,47.900000000000034,1,1,1.0
130,7,332.53,270.13,114.57000000000005,44.99000000000001,1,1,1.0
130,6,815.69,220.4,90.20999999999992,61.79999999999998,1,1,1.0
131,3,208.3,251.0,95.27999999999997,40.379999999999995,1,1,1.0
131,4,0.6,316.8,453.13,221.21999999999997,1,1,1.0
131,5,41.73,296.89,131.47,47.900000000000034,1,1,1.0
131,7,317.13,271.67,116.07,44.99000000000001,1,1,1.0
131,6,808.64,221.0,91.37,61.93000000000001,1,1,1.0
132,3,208.3,251.0,95.27999999999997,40.379999999999995,1,1,1.0
132,4,0.0,320.1,435.46,215.92999999999995,1,1,1.0
132,5,23.83,299.38,131.47000000000003,47.89999999999998,1,1,1.0
132,7,300.18,273.21,123.01999999999998,44.99000000000001,1,1,1.0
132,6,801.59,221.6,92.52999999999997,62.06000000000003,1,1,1.0
133,3,208.3,251.0,95.27999999999997,40.379999999999995,1,1,1.0
133,4,0.0,323.4,423.4,216.60000000000002,1,1,1.0
133,5,4.44,302.86,131.47,47.89999999999998,1,1,1.0
133,7,286.32,275.52,123.01999999999998,45.0,1,1,1.0
133,6,794.55,222.2,93.68000000000006,62.19,1,1,1.0
134,3,208.3,251.0,95.27999999999997,40.379999999999995,1,1,1.0
134,4,0.0,325.7,402.03,214.3,1,1,1.0
134,5,0.0,303.35,118.5,47.89999999999998,1,1,1.0
134,7,269.38,276.29,123.00999999999999,44.98999999999995,1,1,1.0
134,6,787.5,222.8,94.84000000000003,62.31999999999999,1,1,1.0
135,3,208.3,251.0,95.27999999999997,40.379999999999995,1,1,1.0
135,4,0.5,330.0,380.15,210.0,1,1,1.0
135,5,0.0,305.8,102.6,47.89999999999998,1,1,1.0
135,7,252.74,277.06,124.08999999999997,46.14999999999998,1,1,1.0
135,6,780.45,223.4,96.0,62.45000000000002,1,1,1.0
136,3,208.3,251.0,95.27999999999997,40.379999999999995,1,1,1.0
136,4,0.0,333.3,367.6,206.7,1,1,1.0
136,5,0.0,305.8,82.7,47.89999999999998,1,1,1.0
136,7,236.11,277.83,125.15999999999997,47.30000000000001,1,1,1.0
136,8,696.11,515.31,113.16999999999996,24.690000000000055,1,1,1.0
136,6,773.4,224.0,97.15999999999997,62.579999999999984,1,1,1.0
137,3,208.3,251.0,95.27999999999997,40.379999999999995,1,1,1.0
137,4,0.0,336.6,344.11,201.79999999999995,1,1,1.0
137,5,0.0,311.8,63.3,39.89999999999998,1,1,1.0
137,7,219.47,278.6,126.25000000000003,48.44999999999999,1,1,1.0
137,8,696.11,509.1,129.18999999999994,30.899999999999977,1,1,1.0
137,6,766.36,224.6,98.30999999999995,62.71000000000001,1,1,1.0
138,3,208.3,251.0,95.27999999999997,40.379999999999995,1,1,1.0
138,4,0.0,339.9,325.84,200.10000000000002,1,1,1.0
138,5,0.0,311.8,43.9,39.89999999999998,1,1,1.0
138,7,202.84,279.37,127.32000000000002,49.60000000000002,1,1,1.0
138,8,713.9,505.5,127.39999999999998,34.5,1,1,1.0
138,6,759.31,225.2,99.47000000000003,62.84000000000003,1,1,1.0
139,3,208.3,251.0,95.27999999999997,40.379999999999995,1,1,1.0
139,4,0.0,343.2,307.57,196.8,1,1,1.0
139,5,0.0,318.3,29.5,36.89999999999998,1,1,1.0
139,7,186.2,280.15,128.40000000000003,50.74000000000001,1,1,1.0
139,8,713.9,497.5,138.10000000000002,42.5,1,1,1.0
139,6,752.26,225.8,100.63,62.96999999999997,1,1,1.0
140,3,208.3,251.0,95.27999999999997,40.379999999999995,1,1,1.0
140,4,1.2,346.5,288.1,193.5,1,1,1.0
140,5,0.0,318.8,7.1,27.399999999999977,1,1,1.0
140,7,169.57,280.92,129.47000000000003,51.889999999999986,1,1,1.0
140,8,729.0,491.3,131.0,48.69999999999999,1,1,1.0
140,6,745.21,226.4,101.78999999999996,63.099999999999994,1,1,1.0
141,3,208.3,251.0,95.27999999999997,40.379999999999995,1,1,1.0
141,4,0.0,351.0,267.9,189.0,1,1,1.0
141,7,152.93,281.69,130.55,53.05000000000001,1,1,1.0
141,8,735.2,485.1,135.5,54.89999999999998,1,1,1.0
141,6,737.43,226.66,102.44000000000005,63.57000000000002,1,1,1.0
142,3,208.3,251.0,95.27999999999997,40.379999999999995,1,1,1.0
142,4,0.0,354.6,245.6,183.5,1,1,1.0
142,7,136.3,282.46,131.62,54.200000000000045,1,1,1.0
142,8,745.0,480.6,134.60000000000002,59.39999999999998,1,1,1.0
142,6,729.65,226.92,103.09000000000003,64.03999999999999,1,1,1.0
143,3,208.3,251.0,95.27999999999997,40.379999999999995,1,1,1.0
143,4,0.1,359.9,222.3,180.10000000000002,1,1,1.0
143,7,119.66,283.23,132.70000000000002,55.349999999999966,1,1,1.0
143,8,753.9,477.0,131.89999999999998,63.0,1,1,1.0
143,6,721.87,227.18,103.74000000000001,64.50999999999999,1,1,1.0
144,3,208.3,251.0,95.27999999999997,40.379999999999995,1,1,1.0
144,4,0.0,359.9,201.0,178.20000000000005,1,1,1.0
144,7,103.03,284.0,133.77,56.5,1,1,1.0
144,8,767.3,471.7,128.30000000000007,68.30000000000001,1,1,1.0
144,6,714.09,227.44,104.38999999999999,64.98000000000002,1,1,1.0
145,3,208.3,251.0,95.27999999999997,40.379999999999995,1,1,1.0
145,4,1.4,367.5,175.5,171.60000000000002,1,1,1.0
145,7,84.68,285.24,134.92,57.089999999999975,1,1,1.0
145,8,775.3,466.4,125.60000000000002,73.60000000000002,1,1,1.0
145,6,706.31,227.7,105.04000000000008,65.44999999999999,1,1,1.0
146,3,208.3,251.0,95.27999999999997,40.379999999999995,1,1,1.0
146,4,0.0,372.3,154.6,167.7,1,1,1.0
146,7,66.34,286.48,136.06,57.69,1,1,1.0
146,8,775.3,461.9,133.60000000000002,78.10000000000002,1,1,1.0
146,6,698.53,227.96,105.69000000000005,65.91999999999999,1,1,1.0
147,3,208.3,251.0,95.27999999999997,40.379999999999995,1,1,1.0
147,4,0.0,375.4,127.8,164.60000000000002,1,1,1.0
147,7,47.99,287.72,137.20999999999998,58.27999999999997,1,1,1.0
147,8,793.1,454.8,122.92999999999995,82.53000000000003,1,1,1.0
147,6,690.74,228.22,106.35000000000002,66.39000000000001,1,1,1.0
148,3,208.3,251.0,95.27999999999997,40.379999999999995,1,1,1.0
148,4,0.0,380.6,98.9,159.39999999999998,1,1,1.0
148,7,29.65,288.96,138.35,58.870000000000005,1,1,1.0
148,8,805.6,454.8,117.60000000000002,82.53000000000003,1,1,1.0
148,6,682.96,228.48,107.0,66.85999999999999,1,1,1.0
149,3,208.3,251.0,95.27999999999997,40.379999999999995,1,1,1.0
149,4,0.0,384.7,78.3,155.3,1,1,1.0
149,7,11.3,290.2,139.5,59.47000000000003,1,1,1.0
149,8,814.5,448.6,114.89999999999998,83.39999999999998,1,1,1.0
149,6,675.18,228.74,107.65000000000009,67.32999999999998,1,1,1.0
150,3,208.3,251.0,95.27999999999997,40.379999999999995,1,1,1.0
150,4,0.0,396.0,50.5,144.0,1,1,1.0
150,7,1.5,291.44,132.1,60.06,1,1,1.0
150,8,823.41,442.36,114.89999999999998,83.39999999999998,1,1,1.0
150,6,667.4,229.0,108.30000000000007,67.80000000000001,1,1,1.0
151,3,208.3,251.0,95.27999999999997,40.379999999999995,1,1,1.0
151,4,0.0,415.6,18.5,124.39999999999998,1,1,1.0
151,7,0.2,292.68,116.2,56.55000000000001,1,1,1.0
151,8,829.65,439.69,114.89999999999998,83.40000000000003,1,1,1.0
151,6,657.3,229.56,109.93000000000006,68.00999999999999,1,1,1.0
152,3,208.3,251.0,95.27999999999997,40.379999999999995,1,1,1.0
152,7,0.8,293.92,98.4,56.56,1,1,1.0
152,8,835.89,433.45,114.89999999999998,83.40000000000003,1,1,1.0
152,6,647.2,230.12,111.55999999999995,68.21999999999997,1,1,1.0
153,3,208.3,251.0,95.27999999999997,40.379999999999995,1,1,1.0
153,7,0.0,295.16,82.0,56.56999999999999,1,1,1.0
153,8,844.8,431.67,109.5,83.40000000000003,1,1,1.0
153,6,637.1,230.68,113.18999999999994,68.43,1,1,1.0
154,3,208.3,251.0,95.27999999999997,40.379999999999995,1,1,1.0
154,7,0.0,296.4,64.8,56.58000000000004,1,1,1.0
154,8,854.6,427.2,99.69999999999993,79.90000000000003,1,1,1.0
154,6,627.01,231.24,114.81000000000006,68.63999999999999,1,1,1.0
155,3,208.3,251.0,95.27999999999997,40.379999999999995,1,1,1.0
155,7,0.0,298.2,49.7,54.78000000000003,1,1,1.0
155,8,862.6,421.9,97.39999999999998,78.10000000000002,1,1,1.0
155,6,616.91,231.8,116.44000000000005,68.84999999999997,1,1,1.0
156,3,208.3,251.0,95.27999999999997,40.379999999999995,1,1,1.0
156,7,0.0,299.1,31.0,53.879999999999995,1,1,1.0
156,8,868.8,419.2,91.20000000000005,76.30000000000001,1,1,1.0
156,6,606.81,232.36,118.07000000000005,69.06,1,1,1.0
157,3,208.3,251.0,95.27999999999997,40.379999999999995,1,1,1.0
157,7,0.0,307.2,12.3,45.78000000000003,1,1,1.0
157,8,875.9,414.7,84.10000000000002,74.60000000000002,1,1,1.0
157,6,596.71,232.92,119.69999999999993,69.27000000000001,1,1,1.0
158,3,208.3,251.0,95.27999999999997,40.379999999999995,1,1,1.0
158,8,883.0,410.2,77.0,72.90000000000003,1,1,1.0
158,6,586.61,233.48,121.33000000000004,69.47999999999999,1,1,1.0
159,3,208.3,251.0,95.27999999999997,40.379999999999995,1,1,1.0
159,8,886.6,410.2,73.39999999999998,71.10000000000002,1,1,1.0
159,6,576.51,234.04,122.96000000000004,69.69000000000003,1,1,1.0
160,3,208.3,251.0,95.27999999999997,40.379999999999995,1,1,1.0
160,8,894.6,406.6,65.39999999999998,69.39999999999998,1,1,1.0
160,6,566.41,234.6,124.59000000000003,69.9,1,1,1.0
161,3,208.3,251.0,95.27999999999997,40.379999999999995,1,1,1.0
161,8,901.7,403.9,58.299999999999955,64.10000000000002,1,1,1.0
161,6,555.8,235.12,125.2700000000001,69.98000000000002,1,1,1.0
162,3,208.3,251.0,95.27999999999997,40.379999999999995,1,1,1.0
162,8,909.7,398.6,50.299999999999955,66.69999999999999,1,1,1.0
162,6,545.19,235.63,125.94999999999993,70.07,1,1,1.0
163,3,208.3,251.0,95.27999999999997,40.379999999999995,1,1,1.0
163,8,915.0,398.6,45.0,64.89999999999998,1,1,1.0
163,6,534.58,236.15,126.63,70.15,1,1,1.0
164,3,208.3,251.0,95.27999999999997,40.379999999999995,1,1,1.0
164,8,915.0,392.4,45.0,71.10000000000002,1,1,1.0
164,6,523.97,236.66,127.30999999999995,70.23999999999998,1,1,1.0
165,3,208.3,251.0,95.27999999999997,40.379999999999995,1,1,1.0
165,8,923.0,392.4,37.0,66.60000000000002,1,1,1.0
165,6,513.36,237.18,127.99000000000001,70.32,1,1,1.0
166,3,208.3,251.0,95.27999999999997,40.379999999999995,1,1,1.0
166,8,930.1,401.3,29.899999999999977,47.0,1,1,1.0
166,6,502.75,237.69,128.66999999999996,70.41000000000003,1,1,1.0
167,3,208.3,251.0,95.27999999999997,40.379999999999995,1,1,1.0
167,8,935.4,387.9,24.600000000000023,60.400000000000034,1,1,1.0
167,6,492.13,238.21,129.36,70.48999999999998,1,1,1.0
168,3,208.3,251.0,95.27999999999997,40.379999999999995,1,1,1.0
168,8,940.7,394.1,19.299999999999955,48.89999999999998,1,1,1.0
168,6,481.52,238.73,130.03999999999996,70.57000000000002,1,1,1.0
169,3,208.3,251.0,95.27999999999997,40.379999999999995,1,1,1.0
169,8,946.0,388.8,14.0,54.19999999999999,1,1,1.0
169,6,470.91,239.24,130.71999999999997,70.65999999999997,1,1,1.0
170,3,208.3,251.0,95.27999999999997,40.379999999999995,1,1,1.0
170,8,952.2,396.8,7.7999999999999545,39.099999999999966,1,1,1.0
170,6,460.3,239.76,131.40000000000003,70.74000000000001,1,1,1.0
171,3,208.3,251.0,95.27999999999997,40.379999999999995,1,1,1.0
171,6,448.52,239.99,132.63,71.13,1,1,1.0
172,3,208.3,251.0,95.27999999999997,40.379999999999995,1,1,1.0
172,6,436.73,240.23,133.87,71.51000000000002,1,1,1.0
173,3,208.3,251.0,95.27999999999997,40.379999999999995,1,1,1.0
173,6,424.95,240.46,135.09999999999997,71.9,1,1,1.0
174,3,208.3,251.0,95.27999999999997,40.379999999999995,1,1,1.0
174,6,413.17,240.69,136.32999999999998,72.29000000000002,1,1,1.0
175,3,208.3,251.0,95.27999999999997,40.379999999999995,1,1,1.0
175,6,401.38,240.93,137.57000000000005,72.67000000000002,1,1,1.0
176,3,208.3,251.0,95.27999999999997,40.379999999999995,1,1,1.0
176,6,389.6,241.16,138.79999999999995,73.06000000000003,1,1,1.0
177,3,208.3,251.0,95.27999999999997,40.379999999999995,1,1,1.0
177,6,377.82,241.4,140.03000000000003,73.43999999999997,1,1,1.0
178,3,208.3,251.0,95.27999999999997,40.379999999999995,1,1,1.0
178,6,366.03,241.63,141.27000000000004,73.82999999999998,1,1,1.0
179,3,208.3,251.0,95.27999999999997,40.379999999999995,1,1,1.0
179,6,354.25,241.87,142.5,74.20999999999998,1,1,1.0
180,3,208.3,251.0,95.27999999999997,40.379999999999995,1,1,1.0
180,6,342.47,242.1,143.72999999999996,74.6,1,1,1.0
181,3,208.3,251.0,95.27999999999997,40.379999999999995,1,1,1.0
181,6,331.22,242.41,143.73999999999995,75.21000000000001,1,1,1.0
182,3,208.3,251.0,95.27999999999997,40.379999999999995,1,1,1.0
182,6,319.98,242.72,143.72999999999996,75.82000000000002,1,1,1.0
183,3,208.3,251.0,95.27999999999997,40.379999999999995,1,1,1.0
183,6,308.73,243.02,143.74,76.43999999999997,1,1,1.0
184,3,208.3,251.0,95.27999999999997,40.379999999999995,1,1,1.0
184,6,297.49,243.33,143.73000000000002,77.04999999999998,1,1,1.0
185,3,208.3,251.0,95.27999999999997,40.379999999999995,1,1,1.0
185,6,286.25,243.64,143.73000000000002,77.66000000000003,1,1,1.0
186,3,208.3,251.0,95.27999999999997,40.379999999999995,1,1,1.0
186,6,275.0,243.95,143.74,78.27000000000004,1,1,1.0
187,3,208.3,251.0,95.27999999999997,40.379999999999995,1,1,1.0
187,6,263.76,244.26,143.73000000000002,78.88,1,1,1.0
188,3,208.3,251.0,95.27999999999997,40.379999999999995,1,1,1.0
188,6,252.51,244.56,143.74,79.5,1,1,1.0
189,3,208.3,251.0,95.27999999999997,40.379999999999995,1,1,1.0
189,6,241.27,244.87,143.73,80.11000000000001,1,1,1.0
190,3,208.3,251.0,95.27999999999997,40.379999999999995,1,1,1.0
190,6,230.03,245.18,143.73,80.71999999999997,1,1,1.0
